([[719, 119], [743, 119], [743, 135], [719, 135]], '。', 0.08177833092656162)
([[759, 117], [855, 117], [855, 137], [759, 137]], '123456-123', 0.999924000590436)
([[919, 117], [967, 117], [967, 137], [919, 137]], '請求日', 0.9965354404140666)
([[987, 117], [1081, 117], [1081, 137], [987, 137]], '2021/12/21', 0.998729735636075)
([[254, 120], [536, 120], [536, 192], [254, 192]], '請 求 善', 0.41712638065424235)
([[789, 167], [815, 167], [815, 187], [789, 187]], '.5', 0.03760472031707829)
([[843, 161], [1036, 161], [1036, 191], [843, 191]], '新サンプル (ロゴ)', 0.12078036996222735)
([[682, 192], [876, 192], [876, 216], [682, 216]], '株式会社 日本サンプル', 0.9026211878142213)
([[179, 223], [481, 223], [481, 243], [179, 243]], 'テ 123-1234 東京都世田谷区の0の 1-2-3', 0.4413146310826711)
([[683, 223], [901, 223], [901, 243], [683, 243]], '東京都杉並区ののの1- 2 - 3', 0.5094923955035161)
([[944, 186], [1042, 186], [1042, 284], [944, 284]], '闘', 0.6584483046930565)
([[174, 246], [326, 246], [326, 270], [174, 270]], '株式会社サンプル', 0.9971231534044354)
([[338, 246], [414, 246], [414, 270], [338, 270]], '0の支社', 0.3981701731681824)
([[684, 246], [850, 246], [850, 270], [684, 270]], 'ムムムビル 1 下 123', 0.5489001812295053)
([[176, 274], [236, 274], [236, 298], [176, 298]], '営業部', 0.5487591624259949)
([[246, 274], [434, 274], [434, 300], [246, 300]], '担当者 : ムム 口口様', 0.8106278262029063)
([[685, 275], [817, 275], [817, 295], [685, 295]], '公03-1234-5678', 0.26251910614505564)
([[846, 274], [1030, 274], [1030, 298], [846, 298]], '1〔。@"ゆ』〔:』】口/とロ巾', 2.3652005273929073e-07)
([[176, 316], [396, 316], [396, 336], [176, 336]], '下記の通りご請求申し上げます', 0.9962468402524156)
([[787, 315], [887, 315], [887, 335], [787, 335]], 'の000銀行', 0.1395774294576182)
([[895, 315], [979, 315], [979, 335], [895, 335]], 'ムムム 支店', 0.34240254849384416)
([[815, 345], [985, 345], [985, 365], [815, 365]], '0123456 か)-ホサプル', 0.38349823937764177)
([[206, 354], [362, 354], [362, 384], [206, 384]], '請求金額 税込)', 0.8321481960451025)
([[414, 358], [604, 358], [604, 390], [414, 390]], '半407,957,393-', 0.6500501406686715)
([[192, 444], [268, 444], [268, 474], [192, 474]], '商品名', 0.9958236679152598)
([[284, 444], [334, 444], [334, 474], [284, 474]], '品目', 0.999409657996231)
([[592, 444], [672, 444], [672, 474], [592, 474]], '数 量', 0.8742273971174431)
([[733, 441], [810, 441], [810, 474], [733, 474]], '単 価', 0.8277762610502317)
([[896, 444], [974, 444], [974, 474], [896, 474]], '金 額', 0.9651747188060065)
([[1006, 444], [1068, 444], [1068, 474], [1006, 474]], '備考', 0.9878731579171571)
([[245, 489], [279, 489], [279, 507], [245, 507]], '00', 0.9917405615134846)
([[293, 487], [363, 487], [363, 507], [293, 507]], 'サンプル', 0.9986668229103088)
([[376, 484], [446, 484], [446, 508], [376, 508]], 'タイプム', 0.5087289810180664)
([[537, 487], [671, 487], [671, 507], [537, 507]], '12,345,678 個数', 0.985232617282535)
([[781, 487], [807, 487], [807, 507], [781, 507]], '10', 0.9988198394321708)
([[861, 487], [969, 487], [969, 507], [861, 507]], '123,456,780', 0.9559022729068398)
([[181, 519], [243, 519], [243, 535], [181, 535]], 'ムムムム', 0.15957514941692352)
([[257, 514], [508, 514], [508, 538], [257, 538]], 'システム機器( 自動調整タイブ )', 0.9611280652360237)
([[619, 517], [655, 517], [655, 537], [619, 537]], '2台', 0.6692500469072339)
([[698, 516], [808, 516], [808, 540], [698, 540]], '123,456,789', 0.9753413749116776)
([[860, 516], [970, 516], [970, 540], [860, 540]], '246,913,578', 0.8107979649804815)
([[985, 517], [1067, 517], [1067, 537], [985, 537]], '担当:の0', 0.349076062021315)
([[179, 551], [243, 551], [243, 567], [179, 567]], 'ムムムム', 0.3688680827617645)
([[258, 546], [414, 546], [414, 570], [258, 570]], 'システムの取付作業', 0.9990519024445859)
([[619, 547], [655, 547], [655, 567], [619, 567]], '3人', 0.5469121824892339)
([[744, 546], [808, 546], [808, 570], [744, 570]], '30,000', 0.9556154658859438)
([[906, 546], [972, 546], [972, 570], [906, 570]], '90,000', 0.8803185031821767)
([[197, 581], [243, 581], [243, 597], [197, 597]], 'ヘムム', 0.1748342559007311)
([[257, 575], [413, 575], [413, 599], [257, 599]], 'システムの操作説明', 0.8533518101297527)
([[424, 576], [480, 576], [480, 600], [424, 600]], '詩習会', 0.25255337797022887)
([[608, 576], [672, 576], [672, 600], [608, 600]], '40 個数', 0.7396069431672647)
([[753, 574], [808, 574], [808, 601], [753, 601]], '4,000', 0.47286474661746636)
([[896, 576], [970, 576], [970, 600], [896, 600]], '160,000', 0.7523552348334964)
([[258, 606], [346, 606], [346, 630], [258, 630]], '000素材', 0.36777180012856847)
([[358, 606], [474, 606], [474, 630], [358, 630]], '(メメ を合む )', 0.6137301462957433)
([[608, 608], [662, 608], [662, 632], [608, 632]], '50 火9', 0.14313001354444627)
([[755, 609], [807, 609], [807, 629], [755, 629]], '5,000', 0.981265320559894)
([[897, 609], [969, 609], [969, 629], [897, 629]], '250,000', 0.9790860563632924)
([[174, 1410], [338, 1410], [338, 1434], [174, 1434]], '支払期限:2021/12/31', 0.7962500877208052)
([[550, 1407], [664, 1407], [664, 1435], [550, 1435]], '小 計 〔税抜)', 0.33054479333685777)
([[696, 1408], [810, 1408], [810, 1432], [696, 1432]], '消費税 (109)', 0.9440266249581896)
([[847, 1406], [962, 1406], [962, 1435], [847, 1435]], '合 計 (税込)', 0.8963171345615805)
([[175, 1439], [501, 1439], [501, 1459], [175, 1459]], '※お振込手数料は御社ご負担にてお願いします', 0.7755719962699156)
([[538, 1450], [666, 1450], [666, 1476], [538, 1476]], '半370,870,358', 0.68619526102503)
([[689, 1447], [808, 1447], [808, 1476], [689, 1476]], '半37,087,035', 0.659328576264807)
([[840, 1450], [970, 1450], [970, 1476], [840, 1476]], '半407,957,393', 0.4752656069573371)
([[172, 1506], [234, 1506], [234, 1530], [172, 1530]], '備考楓', 0.07996622133684991)