([[713, 109], [741, 109], [741, 129], [713, 129]], 'バの', 0.01129888514672809)
([[760, 106], [874, 106], [874, 130], [760, 130]], '123456-123', 0.9999530285389027)
([[949, 99], [1010, 99], [1010, 126], [949, 126]], '請求日', 0.8247346251917003)
([[1027, 96], [1143, 96], [1143, 122], [1027, 122]], '2021/12/21', 0.7516254653244144)
([[179, 109], [501, 109], [501, 193], [179, 193]], '請 求 書', 0.9687030273485084)
([[693, 156], [824, 156], [824, 188], [693, 188]], '5・90ィ5', 0.0020819410883867596)
([[862, 156], [900, 156], [900, 180], [862, 180]], '・', 0.0012883470755565285)
([[926, 156], [1080, 156], [1080, 184], [926, 184]], 'サンブル (ロゴ)', 0.9575602125544628)
([[671, 221], [918, 221], [918, 249], [671, 249]], '東京都杉並区の001-2 - 3', 0.42872519176357254)
([[84, 246], [258, 246], [258, 276], [84, 276]], '株式会社サンプル', 0.9949266741166658)
([[270, 248], [358, 248], [358, 278], [270, 278]], '00支社', 0.502097487449646)
([[674, 252], [860, 252], [860, 278], [674, 278]], 'ムムムビル 15 123', 0.3709401253864645)
([[86, 278], [156, 278], [156, 308], [86, 308]], '営業部', 0.9870980933815331)
([[165, 277], [376, 277], [376, 308], [165, 308]], '担当者 : ムム 口ロ様', 0.4584689361355922)
([[674, 283], [827, 283], [827, 307], [674, 307]], '『03-1234-5678', 0.29568080295115295)
([[856, 274], [1071, 274], [1071, 312], [856, 312]], '〈〔ほ@だゆざ75す門戸/ギ〔ロ巾', 1.6526095746995635e-08)
([[85, 323], [341, 323], [341, 349], [85, 349]], '下記の通りご請求申し上げます', 0.5845002000940482)
([[786, 322], [1006, 322], [1006, 350], [786, 350]], '0000 銀行 ムムム 支店', 0.49520155577291164)
([[780, 358], [1010, 358], [1010, 386], [780, 386]], '(普)0123456 加-献りンル', 0.060114370974058445)
([[123, 367], [301, 367], [301, 403], [123, 403]], '請求金額(税込)', 0.4199832264633113)
([[368, 370], [581, 370], [581, 409], [368, 409]], '1407,957,393-', 0.6254914681142613)
([[109, 463], [269, 463], [269, 499], [109, 499]], '商品名 / 品目', 0.9697376291923299)
([[572, 464], [654, 464], [654, 496], [572, 496]], '数 曇', 0.18110381066799164)
([[732, 466], [814, 466], [814, 496], [732, 496]], '単 価', 0.7689757048632221)
([[90, 508], [208, 508], [208, 534], [90, 534]], 'の0の000', 0.03801364083222307)
([[222, 508], [302, 508], [302, 534], [222, 534]], 'サンブル', 0.9079304337501526)
([[315, 511], [391, 511], [391, 531], [315, 531]], 'タイブム', 0.26710355281829834)
([[510, 508], [658, 508], [658, 532], [510, 532]], '12,345,678 個数', 0.37242007389302895)
([[787, 511], [813, 511], [813, 531], [787, 531]], '10', 0.9979392201238039)
([[884, 510], [1000, 510], [1000, 534], [884, 534]], '123,456,780', 0.9961086097041689)
([[91, 539], [170, 539], [170, 567], [91, 567]], 'ムムムム', 0.7043558359146118)
([[183, 538], [460, 538], [460, 568], [183, 568]], 'システム機器( 自動調整タイブ )', 0.8822802698643842)
([[599, 543], [639, 543], [639, 563], [599, 563]], '2 甘', 0.2059178501367569)
([[698, 540], [814, 540], [814, 566], [698, 566]], '123,456,789', 0.96841412084604)
([[884, 542], [1000, 542], [1000, 566], [884, 566]], '246,913,578', 0.538128185081808)
([[94, 574], [172, 574], [172, 598], [94, 598]], 'ムムムム', 0.5524951219558716)
([[186, 574], [358, 574], [358, 600], [186, 600]], 'システムの取付作業', 0.9216669722602434)
([[598, 574], [642, 574], [642, 598], [598, 598]], '33人', 0.9046263245994303)
([[748, 574], [814, 574], [814, 598], [748, 598]], '30,000', 0.6755544617888442)
([[932, 574], [1000, 574], [1000, 598], [932, 598]], '90,00ロ', 0.5299952880810641)
([[94, 606], [172, 606], [172, 630], [94, 630]], 'ムムムム', 0.5883029699325562)
([[186, 606], [358, 606], [358, 632], [186, 632]], 'システムの操作説明', 0.9598707237274343)
([[370, 606], [432, 606], [432, 632], [370, 632]], '講習会', 0.5397821426634788)
([[590, 606], [660, 606], [660, 630], [590, 630]], '40 個数', 0.7107121455432457)
([[758, 606], [814, 606], [814, 630], [758, 630]], '4,000', 0.3415633377065097)
([[924, 606], [1000, 606], [1000, 630], [924, 630]], '160,000', 0.27150261660409764)
([[132, 638], [286, 638], [286, 664], [132, 664]], 'ロロロロロロ泰材', 0.5072944058745642)
([[296, 636], [426, 636], [426, 668], [296, 668]], '(メメ を合む )', 0.9889316885305857)
([[590, 640], [646, 640], [646, 666], [590, 666]], '50 火9', 0.11177099057295337)
([[756, 638], [814, 638], [814, 664], [756, 664]], '5,000', 0.7859331999519064)
([[922, 638], [1000, 638], [1000, 662], [922, 662]], '250,000', 0.9460499509479098)
([[92, 1492], [276, 1492], [276, 1516], [92, 1516]], '支払期限*2021/12/31', 0.4228795633924455)
([[564, 1484], [650, 1484], [650, 1510], [564, 1510]], '計 (税抜)', 0.6703554909684779)
([[902, 1486], [994, 1486], [994, 1518], [902, 1518]], '計 (税込)', 0.3876209311067473)
([[94, 1520], [456, 1520], [456, 1548], [94, 1548]], '※お振込手数料は御社ご負担にてお願いします', 0.8570485298211623)
([[508, 1528], [654, 1528], [654, 1554], [508, 1554]], '4370,870,358', 0.6532179278204969)
([[854, 1532], [1004, 1532], [1004, 1562], [854, 1562]], '1407,957,393', 0.5793840876324517)
([[92, 1594], [172, 1594], [172, 1620], [92, 1620]], '備考楓 ;', 0.2137948989283387)