([[1437, 236], [1486, 236], [1486, 269], [1437, 269]], '凡。', 0.0009296137463985182)
([[1519, 236], [1708, 236], [1708, 269], [1519, 269]], '123456-123', 0.9999867682012764)
([[1835, 233], [1940, 233], [1940, 275], [1835, 275]], '請求日', 0.9962848986300138)
([[1973, 235], [2162, 235], [2162, 275], [1973, 275]], '2021/12/21', 0.9993508056343224)
([[511, 242], [1073, 242], [1073, 379], [511, 379]], '請 求 書', 0.8172144949014143)
([[1406, 335], [1438, 335], [1438, 373], [1406, 373]], '5.', 0.3218466081395639)
([[1543, 334], [1630, 334], [1630, 374], [1543, 374]], 'り|5', 0.007372619531246901)
([[1688, 327], [2073, 327], [2073, 380], [1688, 380]], '上山サンプル (ロゴ)', 0.1997141066654115)
([[1365, 384], [1750, 384], [1750, 437], [1365, 437]], '株式会社 日本サンプル', 0.9918182841370826)
([[354, 444], [958, 444], [958, 489], [354, 489]], 'テ 123-1234 東京都世田谷区000 1-2-3', 0.8441367537868556)
([[1366, 446], [1799, 446], [1799, 486], [1366, 486]], '東京都杉並区0001-2 -3', 0.4869885996212636)
([[1887, 372], [2079, 372], [2079, 564], [1887, 564]], '闘', 0.27108234922014063)
([[350, 490], [650, 490], [650, 543], [350, 543]], '株式会社サンプル', 0.9960790954475232)
([[673, 493], [830, 493], [830, 541], [673, 541]], '00支社', 0.36752229928970337)
([[1368, 493], [1601, 493], [1601, 541], [1368, 541]], 'ムムムビル 1 下', 0.6336476617279281)
([[1609, 501], [1697, 501], [1697, 533], [1609, 533]], '123', 0.849892795085907)
([[1954, 461], [2015, 461], [2015, 544], [1954, 544]], '当', 0.17141458552578115)
([[353, 549], [473, 549], [473, 600], [353, 600]], '営業部', 0.8850510032202574)
([[493, 549], [718, 549], [718, 600], [493, 600]], '担当者 : ムム', 0.7584567306419112)
([[738, 549], [867, 549], [867, 600], [738, 600]], '口口様', 0.940821298014306)
([[1369, 550], [1633, 550], [1633, 587], [1369, 587]], '冠03-1234-5678', 0.23274448911170714)
([[1663, 564], [1688, 564], [1688, 580], [1663, 580]], '〉り', 0.0032115787691399445)
([[1691, 548], [2056, 548], [2056, 597], [1691, 597]], '17テ@ゆはワら北巾ゆと,ロ巾', 7.772813397233259e-07)
([[354, 632], [795, 632], [795, 677], [354, 677]], '下記の通りご請求申し上げます-', 0.2871209506872862)
([[1574, 629], [1777, 629], [1777, 672], [1574, 672]], 'の000銀行', 0.05055189071610179)
([[1788, 629], [1957, 629], [1957, 672], [1788, 672]], 'ムムム 支店', 0.793368571307905)
([[1577, 688], [1619, 688], [1619, 731], [1577, 731]], '普二', 0.9513527741599778)
([[1630, 691], [1968, 691], [1968, 734], [1630, 734]], '0123456 カ)-ホサンプル', 0.313927699697317)
([[411, 703], [721, 703], [721, 766], [411, 766]], '請求金額 (税込)', 0.9634423965004801)
([[827, 712], [1212, 712], [1212, 779], [827, 779]], '1407,957,393-', 0.5266716849228248)
([[382, 883], [662, 883], [662, 947], [382, 947]], '商品名/ 品目', 0.9431627853533466)
([[1178, 883], [1346, 883], [1346, 944], [1178, 944]], '数 量', 0.9925627139680665)
([[1462, 883], [1613, 883], [1613, 944], [1462, 944]], '単 価', 0.8673450946807861)
([[1788, 883], [1967, 883], [1967, 944], [1788, 944]], '金 額', 0.47146087884902954)
([[2006, 890], [2132, 890], [2132, 945], [2006, 945]], '備考', 0.9932622446748502)
([[587, 972], [728, 972], [728, 1015], [587, 1015]], 'サンプル', 0.9998484253883362)
([[750, 972], [888, 972], [888, 1015], [750, 1015]], 'タイプム', 0.28491687133581706)
([[1072, 971], [1345, 971], [1345, 1019], [1072, 1019]], '12,345,678 個数', 0.8460292992726983)
([[1563, 972], [1614, 972], [1614, 1015], [1563, 1015]], '10', 0.9995924643018083)
([[1723, 972], [1940, 972], [1940, 1015], [1723, 1015]], '123,456,780', 0.6984527145337701)
([[390, 1034], [486, 1034], [486, 1071], [390, 1071]], 'ムムム', 0.16162647394959026)
([[518, 1030], [1016, 1030], [1016, 1080], [518, 1080]], 'システム機器( 自動調整タイプ )', 0.9822471522237932)
([[1236, 1034], [1310, 1034], [1310, 1077], [1236, 1077]], '2台', 0.9473597481372311)
([[1397, 1034], [1614, 1034], [1614, 1074], [1397, 1074]], '123,456,789', 0.9872575723689677)
([[1720, 1034], [1937, 1034], [1937, 1077], [1720, 1077]], '246,913,578', 0.6347853849608397)
([[1970, 1034], [2134, 1034], [2134, 1074], [1970, 1074]], '担当:00', 0.6352170966805314)
([[356, 1096], [486, 1096], [486, 1133], [356, 1133]], 'ムムムム', 0.1218983381986618)
([[519, 1093], [826, 1093], [826, 1138], [519, 1138]], 'システムの取付作業', 0.9992432751994847)
([[1236, 1096], [1310, 1096], [1310, 1133], [1236, 1133]], '3人', 0.9992415252964247)
([[1490, 1096], [1614, 1096], [1614, 1138], [1490, 1138]], '30,000', 0.9355624325062096)
([[1816, 1096], [1940, 1096], [1940, 1138], [1816, 1138]], '90,000', 0.9681752395318582)
([[519, 1155], [826, 1155], [826, 1197], [519, 1197]], 'システムの操作説明', 0.9952721699075939)
([[851, 1155], [961, 1155], [961, 1197], [851, 1197]], '講習会', 0.9264899141549285)
([[1220, 1155], [1344, 1155], [1344, 1197], [1220, 1197]], '40 個数', 0.8793583752783938)
([[1512, 1155], [1611, 1155], [1611, 1197], [1512, 1197]], '4,000', 0.9429027130419297)
([[1796, 1155], [1937, 1155], [1937, 1197], [1796, 1197]], '160,000', 0.7899864022628343)
([[590, 1214], [691, 1214], [691, 1259], [590, 1259]], '0素材', 0.9584588152793561)
([[715, 1211], [949, 1211], [949, 1264], [715, 1264]], '(メメ を合む )', 0.4517630257162553)
([[1220, 1217], [1321, 1217], [1321, 1262], [1220, 1262]], '50 火9', 0.2633462931371953)
([[1512, 1217], [1614, 1217], [1614, 1259], [1512, 1259]], '5,000', 0.8676537646793938)
([[1796, 1217], [1940, 1217], [1940, 1259], [1796, 1259]], '250,000', 0.7806750702558426)
([[351, 2822], [675, 2822], [675, 2867], [351, 2867]], '支払期限:2021/12/31', 0.9873367626871933)
([[1101, 2815], [1329, 2815], [1329, 2869], [1101, 2869]], '小 計 (税抜)', 0.4899540131996043)
([[1396, 2816], [1617, 2816], [1617, 2866], [1396, 2866]], '消費税 (109)', 0.8337309801157641)
([[1697, 2816], [1924, 2816], [1924, 2866], [1697, 2866]], '合 計 (税込)', 0.9141040780220402)
([[351, 2879], [1006, 2879], [1006, 2921], [351, 2921]], '※お振込手数料は御社ご負担にてお願いします', 0.9773779619109697)
([[1075, 2900], [1333, 2900], [1333, 2950], [1075, 2950]], '半370,870,358', 0.6575547350772533)
([[1379, 2900], [1615, 2900], [1615, 2950], [1379, 2950]], '半37,087,035', 0.892946002235311)
([[1679, 2897], [1938, 2897], [1938, 2950], [1679, 2950]], '1407,957,393', 0.46609347282967495)
([[347, 3012], [490, 3012], [490, 3063], [347, 3063]], '備考棚 :', 0.15621064533646617)